/*********************************************
 * OPL 12.8.0.0 Data
 * Author: El Grupo
 * Creation Date: May 7, 2019 at 6:36:07 PM
 *********************************************/
/*PRODUCTOS:
1: Nescafe Dolca
2: Nescafe Clasico
3: Nescafe Gold Blend 
...
*/
PRODUCTOS = {1, 2, 3, 4, 5, 6, 7, 8, 9, 10, 11, 12, 13, 14, 15, 16, 17, 18, 19, 20, 21, 22, 23, 24, 25, 26, 27, 28, 29, 30, 31, 32, 33, 34, 35, 36, 37, 38, 39, 40, 41, 42, 43, 44, 45, 46, 47, 48, 49, 50, 51, 52, 53, 54, 55, 56, 57, 58, 59, 60, 61, 62, 63, 64, 65, 66, 67, 68, 69, 70, 71, 72, 73, 74, 75, 76, 77, 78, 79, 80, 81, 82, 83, 84, 85, 86, 87, 88, 89, 90, 91, 92, 93, 94, 95, 96, 97, 98, 99, 100}; 
DISPONIBILIDAD = [1, 0, 1, 0, 1, 0, 0, 0, 0, 0, 1, 1, 0, 1, 0, 1, 0, 1, 0, 0, 1, 0, 1, 0, 1, 1, 0, 1, 0, 0, 1, 0, 1, 0, 1, 1, 0, 1, 1, 1, 1, 0, 0, 1, 0, 0, 1, 1, 0, 0, 1, 1, 0, 1, 1, 1, 0, 1, 0, 0, 0, 1, 0, 1, 0, 1, 1, 1, 1, 1, 0, 0, 0, 0, 1, 1, 1, 0, 1, 0, 0, 0, 1, 1, 1, 0, 1, 1, 1, 1, 1, 0, 1, 0, 1, 1, 0, 0, 1, 0]; 
PRECIO_PROMO = [1222,351,67,687,1229,793,873,1090,114,1011,395,1419,1232,1248,308,105,1284,1277,634,115,349,341,983,408,388,589,1171,1115,1388,893,885,375,364,924,1452,546,931,464,99,365,1002,1167,124,1074,900,770,1230,854,1202,1390,721,1410,878,1026,898,39,211,593,1291,628,839,581,315,1220,880,126,179,729,29,1217,103,31,330,327,268,544,1147,626,204,213,963,1066,524,532,331,1384,149,1208,953,843,432,1316,1205,278,47,693,1367,96,57,233]; 
PRECIO_REGULAR = [1252,381,97,717,1259,823,903,1120,144,1041,425,1449,1262,1278,338,135,1314,1307,664,145,379,371,1013,438,418,619,1201,1145,1418,923,915,405,394,954,1482,576,961,494,129,395,1032,1197,154,1104,930,800,1260,884,1232,1420,751,1440,908,1056,928,69,241,623,1321,658,869,611,345,1250,910,156,209,759,59,1247,133,61,360,357,298,574,1177,656,234,243,993,1096,554,562,361,1414,179,1238,983,873,462,1346,1235,308,77,723,1397,126,87,263]; 
PREFERENCIAS_PROMO = [42,2,92,60,79,59,102,4,197,5,146,35,38,52,71,70,14,1,15,78,110,80,55,168,178,155,45,30,58,21,33,61,17,91,172,174,117,68,27,50,34,40,37,167,116,186,64,28,62,134,18,11,29,39,25,76,89,54,113,129,53,16,10,100,8,94,63,74,145,6,26,107,124,9,19,24,7,114,43,98,131,162,51,3,73,44,156,67,22,139,121,13,12,86,32,101,142,66,141,106]; 
PREFERENCIAS_REGULAR = [151,23,149,105,96,111,187,104,199,183,198,56,161,87,132,200,160,191,150,90,154,88,194,171,188,165,49,65,130,36,47,196,20,109,180,177,176,179,190,158,48,85,185,195,128,192,118,140,93,152,127,75,173,157,147,95,119,99,120,136,138,97,125,164,69,115,153,133,184,112,123,108,166,175,182,77,81,122,72,148,159,163,57,82,135,126,169,103,41,189,143,83,31,181,46,170,144,84,193,137];

/*Output:*/ 
/*Total (root+branch&cut) = */ 