/*********************************************
 * OPL 12.8.0.0 Data
 * Author: El Grupo
 * Creation Date: May 7, 2019 at 6:36:07 PM
 *********************************************/
/*PRODUCTOS:
1: Nescafe Dolca
2: Nescafe Clasico
3: Nescafe Gold Blend 
...
*/
PRODUCTOS = {1, 2, 3, 4, 5, 6, 7, 8, 9, 10, 11, 12, 13, 14, 15, 16, 17, 18, 19, 20, 21, 22, 23, 24, 25, 26, 27, 28, 29, 30, 31, 32, 33, 34, 35, 36, 37, 38, 39, 40, 41, 42, 43, 44, 45, 46, 47, 48, 49, 50, 51, 52, 53, 54, 55, 56, 57, 58, 59, 60, 61, 62, 63, 64, 65, 66, 67, 68, 69, 70, 71, 72, 73, 74, 75, 76, 77, 78, 79, 80, 81, 82, 83, 84, 85, 86, 87, 88, 89, 90, 91, 92, 93, 94, 95, 96, 97, 98, 99, 100, 101, 102, 103, 104, 105, 106, 107, 108, 109, 110, 111, 112, 113, 114, 115, 116, 117, 118, 119, 120, 121, 122, 123, 124, 125, 126, 127, 128, 129, 130, 131, 132, 133, 134, 135, 136, 137, 138, 139, 140, 141, 142, 143, 144, 145, 146, 147, 148, 149, 150, 151, 152, 153, 154, 155, 156, 157, 158, 159, 160, 161, 162, 163, 164, 165, 166, 167, 168, 169, 170, 171, 172, 173, 174, 175, 176, 177, 178, 179, 180, 181, 182, 183, 184, 185, 186, 187, 188, 189, 190, 191, 192, 193, 194, 195, 196, 197, 198, 199, 200}; 
DISPONIBILIDAD = [1, 1, 1, 1, 1, 1, 1, 1, 1, 1, 1, 1, 1, 1, 1, 1, 1, 1, 1, 1, 1, 1, 1, 1, 1, 1, 1, 1, 1, 1, 1, 1, 1, 1, 1, 1, 1, 1, 1, 1, 1, 1, 1, 1, 1, 1, 1, 1, 1, 1, 1, 1, 1, 1, 1, 1, 1, 1, 1, 1, 1, 1, 1, 1, 1, 1, 1, 1, 1, 1, 1, 1, 1, 1, 1, 1, 1, 1, 1, 1, 1, 1, 1, 1, 1, 1, 1, 1, 1, 1, 1, 1, 1, 1, 1, 1, 1, 1, 1, 1, 1, 1, 1, 1, 1, 1, 1, 1, 1, 1, 1, 1, 1, 1, 1, 1, 1, 1, 1, 1, 1, 1, 1, 1, 1, 1, 1, 1, 1, 1, 1, 1, 1, 1, 1, 1, 1, 1, 1, 1, 1, 1, 1, 1, 1, 1, 1, 1, 1, 1, 1, 1, 1, 1, 1, 1, 1, 1, 1, 1, 1, 1, 1, 1, 1, 1, 1, 1, 1, 1, 1, 1, 1, 1, 1, 1, 1, 1, 1, 1, 1, 1, 1, 1, 1, 1, 1, 1, 1, 1, 1, 1, 1, 1, 1, 1, 1, 1, 1, 1]; 
PRECIO_PROMO = [1394,642,206,239,677,906,1240,144,265,686,516,1132,668,1357,1465,1275,291,269,1037,256,1136,732,476,790,195,63,186,562,1035,661,363,635,1190,247,599,1291,844,213,694,885,318,98,1184,360,845,1367,1363,262,208,509,1476,1485,480,1154,1084,1436,505,1292,289,909,1427,1321,943,452,1002,1360,252,1153,519,1161,714,1452,625,1468,787,996,430,604,789,388,1011,964,180,1277,508,893,1331,576,838,961,736,1130,808,1007,1317,1299,449,1335,1080,1258,1473,220,936,1463,1486,381,1174,1146,314,367,613,578,616,1103,1020,1150,1348,603,1492,1133,1237,492,1337,1030,1194,984,1231,1289,1114,1170,1163,1010,377,965,1246,1421,365,1428,1165,417,1208,200,179,233,1013,1028,439,1217,488,1373,728,656,823,409,575,648,465,132,148,235,65,196,533,846,46,362,1350,1359,458,1149,1265,297,412,1249,380,495,1442,1082,1250,1306,1062,716,1438,865,931,542,241,1256,1462,900,784,863,201,981,1349,944,1225,675,742,479]; 
PRECIO_REGULAR = [1399,647,211,244,682,911,1245,149,270,691,521,1137,673,1362,1470,1280,296,274,1042,261,1141,737,481,795,200,68,191,567,1040,666,368,640,1195,252,604,1296,849,218,699,890,323,103,1189,365,850,1372,1368,267,213,514,1481,1490,485,1159,1089,1441,510,1297,294,914,1432,1326,948,457,1007,1365,257,1158,524,1166,719,1457,630,1473,792,1001,435,609,794,393,1016,969,185,1282,513,898,1336,581,843,966,741,1135,813,1012,1322,1304,454,1340,1085,1263,1478,225,941,1468,1491,386,1179,1151,319,372,618,583,621,1108,1025,1155,1353,608,1497,1138,1242,497,1342,1035,1199,989,1236,1294,1119,1175,1168,1015,382,970,1251,1426,370,1433,1170,422,1213,205,184,238,1018,1033,444,1222,493,1378,733,661,828,414,580,653,470,137,153,240,70,201,538,851,51,367,1355,1364,463,1154,1270,302,417,1254,385,500,1447,1087,1255,1311,1067,721,1443,870,936,547,246,1261,1467,905,789,868,206,986,1354,949,1230,680,747,484]; 
PREFERENCIAS_PROMO = [46,188,102,156,119,72,150,30,183,301,151,31,269,154,159,82,187,88,11,4,226,84,286,9,196,174,277,379,133,80,89,123,158,53,58,164,198,138,7,237,68,182,143,79,141,26,165,227,219,20,234,127,25,38,235,195,5,35,169,314,329,2,273,306,270,130,21,199,189,220,144,90,32,117,75,132,114,214,10,256,212,115,272,302,47,94,83,173,39,207,110,40,210,63,120,17,96,191,108,81,217,197,22,74,70,19,36,242,103,64,259,49,253,66,184,294,18,45,78,42,51,65,233,13,221,136,326,98,370,252,62,99,317,148,93,157,208,86,202,105,267,55,67,116,44,285,330,258,373,126,230,54,100,107,71,168,43,29,92,215,106,305,176,241,146,248,1,34,245,149,60,37,12,15,59,122,24,260,6,386,87,95,222,27,97,8,121,28,41,85,3,274,16,257,131,175,23,194,153,48]; 
PREFERENCIAS_REGULAR = [240,265,177,261,213,232,354,299,311,361,239,33,298,375,312,336,400,218,238,14,350,193,318,139,316,185,372,381,291,334,167,276,304,325,76,181,356,192,172,397,263,345,282,351,293,201,374,369,376,331,278,300,142,363,349,236,61,243,359,348,353,224,365,346,321,216,384,385,190,308,292,246,328,118,163,343,180,344,303,271,377,366,335,358,50,186,347,333,112,295,371,134,255,125,145,394,204,352,111,209,332,225,166,268,129,324,249,396,152,77,315,52,338,147,290,342,56,279,262,341,250,337,360,155,322,170,378,327,388,389,313,137,391,296,161,223,398,387,368,200,339,124,91,297,390,309,392,357,383,362,382,323,113,128,275,244,364,104,203,266,231,310,288,380,228,307,73,171,254,340,287,395,179,162,289,247,178,280,205,399,206,101,393,229,319,367,211,140,109,251,57,281,320,284,135,355,160,283,264,69];

/*Output: */
/*Total (root+branch&cut) = */  