/*********************************************
 * OPL 12.8.0.0 Data
 * Author: El Grupo
 * Creation Date: May 7, 2019 at 6:36:07 PM
 *********************************************/
/*PRODUCTOS:
1: Nescafe Dolca
2: Nescafe Clasico
3: Nescafe Gold Blend 
...
*/
PRODUCTOS = {1, 2, 3, 4, 5, 6, 7, 8, 9, 10, 11, 12, 13, 14, 15, 16, 17, 18, 19, 20, 21, 22, 23, 24, 25, 26, 27, 28, 29, 30, 31, 32, 33, 34, 35, 36, 37, 38, 39, 40, 41, 42, 43, 44, 45, 46, 47, 48, 49, 50, 51, 52, 53, 54, 55, 56, 57, 58, 59, 60, 61, 62, 63, 64, 65, 66, 67, 68, 69, 70, 71, 72, 73, 74, 75, 76, 77, 78, 79, 80, 81, 82, 83, 84, 85, 86, 87, 88, 89, 90, 91, 92, 93, 94, 95, 96, 97, 98, 99, 100, 101, 102, 103, 104, 105, 106, 107, 108, 109, 110, 111, 112, 113, 114, 115, 116, 117, 118, 119, 120, 121, 122, 123, 124, 125, 126, 127, 128, 129, 130, 131, 132, 133, 134, 135, 136, 137, 138, 139, 140, 141, 142, 143, 144, 145, 146, 147, 148, 149, 150, 151, 152, 153, 154, 155, 156, 157, 158, 159, 160, 161, 162, 163, 164, 165, 166, 167, 168, 169, 170, 171, 172, 173, 174, 175, 176, 177, 178, 179, 180, 181, 182, 183, 184, 185, 186, 187, 188, 189, 190, 191, 192, 193, 194, 195, 196, 197, 198, 199, 200, 201, 202, 203, 204, 205, 206, 207, 208, 209, 210, 211, 212, 213, 214, 215, 216, 217, 218, 219, 220, 221, 222, 223, 224, 225, 226, 227, 228, 229, 230, 231, 232, 233, 234, 235, 236, 237, 238, 239, 240, 241, 242, 243, 244, 245, 246, 247, 248, 249, 250, 251, 252, 253, 254, 255, 256, 257, 258, 259, 260, 261, 262, 263, 264, 265, 266, 267, 268, 269, 270, 271, 272, 273, 274, 275, 276, 277, 278, 279, 280, 281, 282, 283, 284, 285, 286, 287, 288, 289, 290, 291, 292, 293, 294, 295, 296, 297, 298, 299, 300, 301, 302, 303, 304, 305, 306, 307, 308, 309, 310, 311, 312, 313, 314, 315, 316, 317, 318, 319, 320, 321, 322, 323, 324, 325, 326, 327, 328, 329, 330, 331, 332, 333, 334, 335, 336, 337, 338, 339, 340, 341, 342, 343, 344, 345, 346, 347, 348, 349, 350, 351, 352, 353, 354, 355, 356, 357, 358, 359, 360, 361, 362, 363, 364, 365, 366, 367, 368, 369, 370, 371, 372, 373, 374, 375, 376, 377, 378, 379, 380, 381, 382, 383, 384, 385, 386, 387, 388, 389, 390, 391, 392, 393, 394, 395, 396, 397, 398, 399, 400, 401, 402, 403, 404, 405, 406, 407, 408, 409, 410, 411, 412, 413, 414, 415, 416, 417, 418, 419, 420, 421, 422, 423, 424, 425, 426, 427, 428, 429, 430, 431, 432, 433, 434, 435, 436, 437, 438, 439, 440, 441, 442, 443, 444, 445, 446, 447, 448, 449, 450, 451, 452, 453, 454, 455, 456, 457, 458, 459, 460, 461, 462, 463, 464, 465, 466, 467, 468, 469, 470, 471, 472, 473, 474, 475, 476, 477, 478, 479, 480, 481, 482, 483, 484, 485, 486, 487, 488, 489, 490, 491, 492, 493, 494, 495, 496, 497, 498, 499, 500}; 
DISPONIBILIDAD = [1, 1, 1, 1, 1, 1, 1, 1, 1, 1, 1, 1, 1, 1, 1, 1, 1, 1, 1, 1, 1, 1, 1, 1, 1, 1, 1, 1, 1, 1, 1, 1, 1, 1, 1, 1, 1, 1, 1, 1, 1, 1, 1, 1, 1, 1, 1, 1, 1, 1, 1, 1, 1, 1, 1, 1, 1, 1, 1, 1, 1, 1, 1, 1, 1, 1, 1, 1, 1, 1, 1, 1, 1, 1, 1, 1, 1, 1, 1, 1, 1, 1, 1, 1, 1, 1, 1, 1, 1, 1, 1, 1, 1, 1, 1, 1, 1, 1, 1, 1, 1, 1, 1, 1, 1, 1, 1, 1, 1, 1, 1, 1, 1, 1, 1, 1, 1, 1, 1, 1, 1, 1, 1, 1, 1, 1, 1, 1, 1, 1, 1, 1, 1, 1, 1, 1, 1, 1, 1, 1, 1, 1, 1, 1, 1, 1, 1, 1, 1, 1, 1, 1, 1, 1, 1, 1, 1, 1, 1, 1, 1, 1, 1, 1, 1, 1, 1, 1, 1, 1, 1, 1, 1, 1, 1, 1, 1, 1, 1, 1, 1, 1, 1, 1, 1, 1, 1, 1, 1, 1, 1, 1, 1, 1, 1, 1, 1, 1, 1, 1, 1, 1, 1, 1, 1, 1, 1, 1, 1, 1, 1, 1, 1, 1, 1, 1, 1, 1, 1, 1, 1, 1, 1, 1, 1, 1, 1, 1, 1, 1, 1, 1, 1, 1, 1, 1, 1, 1, 1, 1, 1, 1, 1, 1, 1, 1, 1, 1, 1, 1, 1, 1, 1, 1, 1, 1, 1, 1, 1, 1, 1, 1, 1, 1, 1, 1, 1, 1, 1, 1, 1, 1, 1, 1, 1, 1, 1, 1, 1, 1, 1, 1, 1, 1, 1, 1, 1, 1, 1, 1, 1, 1, 1, 1, 1, 1, 1, 1, 1, 1, 1, 1, 1, 1, 1, 1, 1, 1, 1, 1, 1, 1, 1, 1, 1, 1, 1, 1, 1, 1, 1, 1, 1, 1, 1, 1, 1, 1, 1, 1, 1, 1, 1, 1, 1, 1, 1, 1, 1, 1, 1, 1, 1, 1, 1, 1, 1, 1, 1, 1, 1, 1, 1, 1, 1, 1, 1, 1, 1, 1, 1, 1, 1, 1, 1, 1, 1, 1, 1, 1, 1, 1, 1, 1, 1, 1, 1, 1, 1, 1, 1, 1, 1, 1, 1, 1, 1, 1, 1, 1, 1, 1, 1, 1, 1, 1, 1, 1, 1, 1, 1, 1, 1, 1, 1, 1, 1, 1, 1, 1, 1, 1, 1, 1, 1, 1, 1, 1, 1, 1, 1, 1, 1, 1, 1, 1, 1, 1, 1, 1, 1, 1, 1, 1, 1, 1, 1, 1, 1, 1, 1, 1, 1, 1, 1, 1, 1, 1, 1, 1, 1, 1, 1, 1, 1, 1, 1, 1, 1, 1, 1, 1, 1, 1, 1, 1, 1, 1, 1, 1, 1, 1, 1, 1, 1, 1, 1, 1, 1, 1, 1, 1, 1, 1, 1, 1, 1, 1, 1, 1, 1, 1, 1, 1, 1, 1, 1, 1, 1, 1]; 
PRECIO_PROMO = [730,478,240,1392,197,331,1154,948,1477,446,117,717,1074,1296,968,494,565,556,405,272,488,958,1238,1321,985,578,531,572,758,249,42,1476,282,423,304,928,535,166,192,1085,387,1137,678,218,1040,321,495,1271,777,884,673,432,1292,972,396,638,995,73,1076,462,505,302,1059,86,55,291,1153,1340,322,579,1331,459,513,497,83,586,1088,414,550,1372,797,1361,329,1218,1421,560,786,45,297,1369,79,587,596,1310,97,665,457,628,1151,1096,1161,911,189,433,1084,942,200,844,74,1335,338,1443,341,222,584,810,140,831,410,211,145,735,701,933,982,52,206,1382,1163,477,413,344,561,393,267,600,765,551,441,882,122,937,1116,1058,617,71,1219,1427,69,159,649,342,1209,1295,118,164,539,1435,1285,756,751,334,509,379,832,1478,68,766,526,946,99,1150,266,1217,519,1370,1142,593,1132,848,485,1348,915,64,508,1417,293,50,870,1113,773,1454,750,402,1390,113,252,1453,820,91,1108,1474,1069,274,1444,614,47,998,1159,1036,44,932,162,1104,1105,287,1479,436,469,525,94,283,885,871,1414,555,170,65,239,353,595,1082,580,854,481,386,1357,337,133,631,732,1405,1315,217,1283,1019,886,1246,111,1339,543,902,108,703,479,54,1111,1100,202,451,1308,989,1048,687,1195,237,276,368,903,507,138,688,307,1351,714,1182,81,1092,1060,1248,510,744,1329,1377,1455,635,126,548,545,221,289,1215,1402,1320,76,207,46,809,705,796,1394,987,102,1255,1211,847,718,241,324,1012,1261,1407,270,1095,112,1318,1028,290,258,373,420,553,216,243,965,398,1342,160,165,188,589,1459,853,235,1485,590,430,962,1097,1136,419,248,1429,966,605,1020,330,794,427,1146,263,950,1298,182,306,1178,463,936,660,798,821,1490,431,698,417,733,317,294,686,141,397,1206,464,1305,1364,787,1374,184,1106,250,1347,1259,975,523,534,1464,255,725,429,923,602,517,1067,1035,1055,852,811,458,273,592,1350,1262,865,954,1162,136,746,691,1188,806,168,783,830,724,348,1419,153,426,912,955,1026,183,1199,1123,604,1010,82,993,437,1177,634,930,970,394,1450,1229,619,719,213,388,762,921,823,1157,776,443,760,1152,1193,467,883,193,61,877,845,1276,738,1230,399,442,1389,637,201,234,672,901,1235,139,260,681,511,1127,663,1352,1460,1270,286,264,1032,251,1131,727,471,785,190,58,181,557,1030,656,358,630,1185,242,594,1286,839,208,689,880]; 
PRECIO_REGULAR = [740,488,250,1402,207,341,1164,958,1487,456,127,727,1084,1306,978,504,575,566,415,282,498,968,1248,1331,995,588,541,582,768,259,52,1486,292,433,314,938,545,176,202,1095,397,1147,688,228,1050,331,505,1281,787,894,683,442,1302,982,406,648,1005,83,1086,472,515,312,1069,96,65,301,1163,1350,332,589,1341,469,523,507,93,596,1098,424,560,1382,807,1371,339,1228,1431,570,796,55,307,1379,89,597,606,1320,107,675,467,638,1161,1106,1171,921,199,443,1094,952,210,854,84,1345,348,1453,351,232,594,820,150,841,420,221,155,745,711,943,992,62,216,1392,1173,487,423,354,571,403,277,610,775,561,451,892,132,947,1126,1068,627,81,1229,1437,79,169,659,352,1219,1305,128,174,549,1445,1295,766,761,344,519,389,842,1488,78,776,536,956,109,1160,276,1227,529,1380,1152,603,1142,858,495,1358,925,74,518,1427,303,60,880,1123,783,1464,760,412,1400,123,262,1463,830,101,1118,1484,1079,284,1454,624,57,1008,1169,1046,54,942,172,1114,1115,297,1489,446,479,535,104,293,895,881,1424,565,180,75,249,363,605,1092,590,864,491,396,1367,347,143,641,742,1415,1325,227,1293,1029,896,1256,121,1349,553,912,118,713,489,64,1121,1110,212,461,1318,999,1058,697,1205,247,286,378,913,517,148,698,317,1361,724,1192,91,1102,1070,1258,520,754,1339,1387,1465,645,136,558,555,231,299,1225,1412,1330,86,217,56,819,715,806,1404,997,112,1265,1221,857,728,251,334,1022,1271,1417,280,1105,122,1328,1038,300,268,383,430,563,226,253,975,408,1352,170,175,198,599,1469,863,245,1495,600,440,972,1107,1146,429,258,1439,976,615,1030,340,804,437,1156,273,960,1308,192,316,1188,473,946,670,808,831,1500,441,708,427,743,327,304,696,151,407,1216,474,1315,1374,797,1384,194,1116,260,1357,1269,985,533,544,1474,265,735,439,933,612,527,1077,1045,1065,862,821,468,283,602,1360,1272,875,964,1172,146,756,701,1198,816,178,793,840,734,358,1429,163,436,922,965,1036,193,1209,1133,614,1020,92,1003,447,1187,644,940,980,404,1460,1239,629,729,223,398,772,931,833,1167,786,453,770,1162,1203,477,893,203,71,887,855,1286,748,1240,409,452,1399,647,211,244,682,911,1245,149,270,691,521,1137,673,1362,1470,1280,296,274,1042,261,1141,737,481,795,200,68,191,567,1040,666,368,640,1195,252,604,1296,849,218,699,890]; 
PREFERENCIAS_PROMO = [16,76,744,297,145,655,168,58,710,575,584,33,761,401,349,350,64,406,623,123,499,11,77,699,668,206,157,214,445,373,221,160,97,94,56,261,365,576,24,125,12,781,345,224,573,128,13,99,218,562,316,301,367,608,17,47,119,733,234,340,439,536,298,310,311,440,275,530,121,453,28,384,330,192,521,580,242,327,166,527,505,203,343,627,138,3,114,175,233,304,163,241,55,805,675,46,135,638,158,108,36,414,568,143,217,44,134,272,149,656,570,390,201,235,82,29,174,383,126,296,69,760,482,736,503,334,413,306,629,269,322,190,276,749,8,173,240,685,687,456,612,506,150,72,73,50,337,290,198,537,230,402,510,178,341,318,57,409,360,792,417,98,557,398,376,247,278,154,181,697,300,338,63,981,444,140,359,698,250,378,176,468,319,244,222,672,312,601,455,763,382,681,141,532,321,493,332,393,120,498,90,648,714,103,342,613,285,927,392,680,268,652,454,34,219,336,271,344,106,577,104,30,563,676,148,132,172,200,22,418,199,443,368,252,598,671,70,59,466,664,313,586,369,324,71,193,83,19,130,21,187,351,113,538,355,554,462,159,467,606,722,429,65,478,188,155,504,828,335,27,2,7,281,53,78,371,790,225,186,68,858,208,194,625,61,628,287,133,228,9,41,146,647,364,381,725,177,183,988,797,411,213,6,460,54,600,323,156,161,385,582,326,489,465,101,348,432,243,449,142,258,945,245,49,566,209,395,483,45,520,747,237,31,23,116,333,20,115,820,386,25,38,564,500,726,356,195,279,81,4,184,845,180,92,88,48,179,729,277,51,388,67,539,10,75,742,109,793,39,127,191,472,339,40,197,308,185,546,717,79,169,37,84,649,152,52,137,526,212,610,43,361,151,331,86,102,95,748,267,684,840,299,87,585,424,289,294,766,110,866,372,144,442,131,501,431,377,182,238,535,329,302,412,701,734,62,464,139,264,607,292,303,265,96,248,167,85,124,767,774,259,93,352,588,246,153,42,5,679,427,581,18,508,587,951,347,220,136,644,597,100,408,253,762,107,653,66,284,366,397,60,514,231,122,320,1,118,80,227,14,534,129,396,26,111,435,622,32,112,457,548,291,74,35,256,487,354,550,654,15]; 
PREFERENCIAS_REGULAR = [89,799,849,930,516,688,863,491,789,663,918,162,896,524,798,651,263,502,985,202,670,984,983,868,971,635,560,850,964,481,497,328,843,853,147,459,707,884,924,751,446,827,447,370,620,826,724,293,950,937,594,410,578,947,529,470,703,778,890,796,831,549,488,596,425,738,696,867,189,692,846,492,786,254,917,997,839,977,993,592,615,694,812,836,226,765,477,325,870,898,721,451,817,987,886,441,207,960,558,752,730,633,956,658,735,723,666,517,485,750,662,824,571,273,894,389,844,519,170,776,266,801,968,875,691,589,416,420,859,746,358,274,876,865,816,897,295,895,926,495,841,574,621,171,374,929,619,616,307,965,720,531,525,363,731,461,484,515,803,908,813,105,899,879,645,556,512,674,905,902,362,436,954,991,448,288,469,806,404,555,223,932,346,603,821,911,437,740,900,872,832,686,314,819,1000,569,842,639,260,705,753,808,861,452,650,873,835,978,419,912,614,936,815,741,980,732,972,757,205,877,830,473,728,952,551,544,864,543,204,982,770,871,999,286,942,825,719,236,682,804,433,794,784,430,232,660,611,438,422,989,239,513,939,919,907,974,923,257,494,783,807,490,270,599,979,745,906,934,889,986,704,509,282,959,117,759,893,533,215,809,891,428,591,743,838,637,883,387,309,928,949,903,962,711,689,773,712,739,995,802,661,315,458,755,810,791,511,605,713,700,758,727,561,690,609,683,829,317,775,211,353,946,421,165,642,780,507,528,579,595,795,640,779,768,800,375,632,522,880,969,948,673,854,910,940,869,847,280,463,471,572,922,216,641,523,695,882,920,881,708,415,210,618,518,659,818,630,834,305,196,904,476,542,901,718,925,403,643,957,785,921,963,631,848,678,823,970,772,771,888,486,475,814,604,624,357,593,857,380,943,944,400,914,874,754,787,553,860,379,953,646,961,567,426,547,669,996,405,391,737,837,496,636,856,998,480,915,706,394,852,693,994,657,552,545,855,975,559,887,822,833,617,990,941,407,782,249,164,955,565,788,583,976,913,992,769,602,909,967,933,709,777,764,892,851,916,399,590,938,966,541,931,540,423,479,756,667,91,811,251,973,715,885,283,229,862,958,474,255,878,935,665,434,702,450,634,677,626,716,262];

/*Output: */ 
/*Total (root+branch&cut) = */ 