/*********************************************
 * OPL 12.8.0.0 Data
 * Author: El Grupo
 * Creation Date: May 7, 2019 at 6:36:07 PM
 *********************************************/
/*PRODUCTOS:
1: Nescafe Dolca
2: Nescafe Clasico
3: Nescafe Gold Blend 
...
*/
PRODUCTOS = {1, 2, 3, 4, 5, 6, 7, 8, 9, 10, 11, 12, 13, 14, 15, 16, 17, 18, 19, 20, 21, 22, 23, 24, 25, 26, 27, 28, 29, 30, 31, 32, 33, 34, 35, 36, 37, 38, 39, 40, 41, 42, 43, 44, 45, 46, 47, 48, 49, 50, 51, 52, 53, 54, 55, 56, 57, 58, 59, 60, 61, 62, 63, 64, 65, 66, 67, 68, 69, 70, 71, 72, 73, 74, 75, 76, 77, 78, 79, 80, 81, 82, 83, 84, 85, 86, 87, 88, 89, 90, 91, 92, 93, 94, 95, 96, 97, 98, 99, 100, 101, 102, 103, 104, 105, 106, 107, 108, 109, 110, 111, 112, 113, 114, 115, 116, 117, 118, 119, 120, 121, 122, 123, 124, 125, 126, 127, 128, 129, 130, 131, 132, 133, 134, 135, 136, 137, 138, 139, 140, 141, 142, 143, 144, 145, 146, 147, 148, 149, 150, 151, 152, 153, 154, 155, 156, 157, 158, 159, 160, 161, 162, 163, 164, 165, 166, 167, 168, 169, 170, 171, 172, 173, 174, 175, 176, 177, 178, 179, 180, 181, 182, 183, 184, 185, 186, 187, 188, 189, 190, 191, 192, 193, 194, 195, 196, 197, 198, 199, 200, 201, 202, 203, 204, 205, 206, 207, 208, 209, 210, 211, 212, 213, 214, 215, 216, 217, 218, 219, 220, 221, 222, 223, 224, 225, 226, 227, 228, 229, 230, 231, 232, 233, 234, 235, 236, 237, 238, 239, 240, 241, 242, 243, 244, 245, 246, 247, 248, 249, 250, 251, 252, 253, 254, 255, 256, 257, 258, 259, 260, 261, 262, 263, 264, 265, 266, 267, 268, 269, 270, 271, 272, 273, 274, 275, 276, 277, 278, 279, 280, 281, 282, 283, 284, 285, 286, 287, 288, 289, 290, 291, 292, 293, 294, 295, 296, 297, 298, 299, 300, 301, 302, 303, 304, 305, 306, 307, 308, 309, 310, 311, 312, 313, 314, 315, 316, 317, 318, 319, 320, 321, 322, 323, 324, 325, 326, 327, 328, 329, 330, 331, 332, 333, 334, 335, 336, 337, 338, 339, 340, 341, 342, 343, 344, 345, 346, 347, 348, 349, 350, 351, 352, 353, 354, 355, 356, 357, 358, 359, 360, 361, 362, 363, 364, 365, 366, 367, 368, 369, 370, 371, 372, 373, 374, 375, 376, 377, 378, 379, 380, 381, 382, 383, 384, 385, 386, 387, 388, 389, 390, 391, 392, 393, 394, 395, 396, 397, 398, 399, 400, 401, 402, 403, 404, 405, 406, 407, 408, 409, 410, 411, 412, 413, 414, 415, 416, 417, 418, 419, 420, 421, 422, 423, 424, 425, 426, 427, 428, 429, 430, 431, 432, 433, 434, 435, 436, 437, 438, 439, 440, 441, 442, 443, 444, 445, 446, 447, 448, 449, 450, 451, 452, 453, 454, 455, 456, 457, 458, 459, 460, 461, 462, 463, 464, 465, 466, 467, 468, 469, 470, 471, 472, 473, 474, 475, 476, 477, 478, 479, 480, 481, 482, 483, 484, 485, 486, 487, 488, 489, 490, 491, 492, 493, 494, 495, 496, 497, 498, 499, 500, 501, 502, 503, 504, 505, 506, 507, 508, 509, 510, 511, 512, 513, 514, 515, 516, 517, 518, 519, 520, 521, 522, 523, 524, 525, 526, 527, 528, 529, 530, 531, 532, 533, 534, 535, 536, 537, 538, 539, 540, 541, 542, 543, 544, 545, 546, 547, 548, 549, 550, 551, 552, 553, 554, 555, 556, 557, 558, 559, 560, 561, 562, 563, 564, 565, 566, 567, 568, 569, 570, 571, 572, 573, 574, 575, 576, 577, 578, 579, 580, 581, 582, 583, 584, 585, 586, 587, 588, 589, 590, 591, 592, 593, 594, 595, 596, 597, 598, 599, 600, 601, 602, 603, 604, 605, 606, 607, 608, 609, 610, 611, 612, 613, 614, 615, 616, 617, 618, 619, 620, 621, 622, 623, 624, 625, 626, 627, 628, 629, 630, 631, 632, 633, 634, 635, 636, 637, 638, 639, 640, 641, 642, 643, 644, 645, 646, 647, 648, 649, 650, 651, 652, 653, 654, 655, 656, 657, 658, 659, 660, 661, 662, 663, 664, 665, 666, 667, 668, 669, 670, 671, 672, 673, 674, 675, 676, 677, 678, 679, 680, 681, 682, 683, 684, 685, 686, 687, 688, 689, 690, 691, 692, 693, 694, 695, 696, 697, 698, 699, 700, 701, 702, 703, 704, 705, 706, 707, 708, 709, 710, 711, 712, 713, 714, 715, 716, 717, 718, 719, 720, 721, 722, 723, 724, 725, 726, 727, 728, 729, 730, 731, 732, 733, 734, 735, 736, 737, 738, 739, 740, 741, 742, 743, 744, 745, 746, 747, 748, 749, 750, 751, 752, 753, 754, 755, 756, 757, 758, 759, 760, 761, 762, 763, 764, 765, 766, 767, 768, 769, 770, 771, 772, 773, 774, 775, 776, 777, 778, 779, 780, 781, 782, 783, 784, 785, 786, 787, 788, 789, 790, 791, 792, 793, 794, 795, 796, 797, 798, 799, 800, 801, 802, 803, 804, 805, 806, 807, 808, 809, 810, 811, 812, 813, 814, 815, 816, 817, 818, 819, 820, 821, 822, 823, 824, 825, 826, 827, 828, 829, 830, 831, 832, 833, 834, 835, 836, 837, 838, 839, 840, 841, 842, 843, 844, 845, 846, 847, 848, 849, 850, 851, 852, 853, 854, 855, 856, 857, 858, 859, 860, 861, 862, 863, 864, 865, 866, 867, 868, 869, 870, 871, 872, 873, 874, 875, 876, 877, 878, 879, 880, 881, 882, 883, 884, 885, 886, 887, 888, 889, 890, 891, 892, 893, 894, 895, 896, 897, 898, 899, 900, 901, 902, 903, 904, 905, 906, 907, 908, 909, 910, 911, 912, 913, 914, 915, 916, 917, 918, 919, 920, 921, 922, 923, 924, 925, 926, 927, 928, 929, 930, 931, 932, 933, 934, 935, 936, 937, 938, 939, 940, 941, 942, 943, 944, 945, 946, 947, 948, 949, 950, 951, 952, 953, 954, 955, 956, 957, 958, 959, 960, 961, 962, 963, 964, 965, 966, 967, 968, 969, 970, 971, 972, 973, 974, 975, 976, 977, 978, 979, 980, 981, 982, 983, 984, 985, 986, 987, 988, 989, 990, 991, 992, 993, 994, 995, 996, 997, 998, 999, 1000}; 
DISPONIBILIDAD = [1, 1, 1, 1, 1, 1, 1, 1, 1, 1, 1, 1, 1, 1, 1, 1, 1, 1, 1, 1, 1, 1, 1, 1, 1, 1, 1, 1, 1, 1, 1, 1, 1, 1, 1, 1, 1, 1, 1, 1, 1, 1, 1, 1, 1, 1, 1, 1, 1, 1, 1, 1, 1, 1, 1, 1, 1, 1, 1, 1, 1, 1, 1, 1, 1, 1, 1, 1, 1, 1, 1, 1, 1, 1, 1, 1, 1, 1, 1, 1, 1, 1, 1, 1, 1, 1, 1, 1, 1, 1, 1, 1, 1, 1, 1, 1, 1, 1, 1, 1, 1, 1, 1, 1, 1, 1, 1, 1, 1, 1, 1, 1, 1, 1, 1, 1, 1, 1, 1, 1, 1, 1, 1, 1, 1, 1, 1, 1, 1, 1, 1, 1, 1, 1, 1, 1, 1, 1, 1, 1, 1, 1, 1, 1, 1, 1, 1, 1, 1, 1, 1, 1, 1, 1, 1, 1, 1, 1, 1, 1, 1, 1, 1, 1, 1, 1, 1, 1, 1, 1, 1, 1, 1, 1, 1, 1, 1, 1, 1, 1, 1, 1, 1, 1, 1, 1, 1, 1, 1, 1, 1, 1, 1, 1, 1, 1, 1, 1, 1, 1, 1, 1, 1, 1, 1, 1, 1, 1, 1, 1, 1, 1, 1, 1, 1, 1, 1, 1, 1, 1, 1, 1, 1, 1, 1, 1, 1, 1, 1, 1, 1, 1, 1, 1, 1, 1, 1, 1, 1, 1, 1, 1, 1, 1, 1, 1, 1, 1, 1, 1, 1, 1, 1, 1, 1, 1, 1, 1, 1, 1, 1, 1, 1, 1, 1, 1, 1, 1, 1, 1, 1, 1, 1, 1, 1, 1, 1, 1, 1, 1, 1, 1, 1, 1, 1, 1, 1, 1, 1, 1, 1, 1, 1, 1, 1, 1, 1, 1, 1, 1, 1, 1, 1, 1, 1, 1, 1, 1, 1, 1, 1, 1, 1, 1, 1, 1, 1, 1, 1, 1, 1, 1, 1, 1, 1, 1, 1, 1, 1, 1, 1, 1, 1, 1, 1, 1, 1, 1, 1, 1, 1, 1, 1, 1, 1, 1, 1, 1, 1, 1, 1, 1, 1, 1, 1, 1, 1, 1, 1, 1, 1, 1, 1, 1, 1, 1, 1, 1, 1, 1, 1, 1, 1, 1, 1, 1, 1, 1, 1, 1, 1, 1, 1, 1, 1, 1, 1, 1, 1, 1, 1, 1, 1, 1, 1, 1, 1, 1, 1, 1, 1, 1, 1, 1, 1, 1, 1, 1, 1, 1, 1, 1, 1, 1, 1, 1, 1, 1, 1, 1, 1, 1, 1, 1, 1, 1, 1, 1, 1, 1, 1, 1, 1, 1, 1, 1, 1, 1, 1, 1, 1, 1, 1, 1, 1, 1, 1, 1, 1, 1, 1, 1, 1, 1, 1, 1, 1, 1, 1, 1, 1, 1, 1, 1, 1, 1, 1, 1, 1, 1, 1, 1, 1, 1, 1, 1, 1, 1, 1, 1, 1, 1, 1, 1, 1, 1, 1, 1, 1, 1, 1, 1, 1, 1, 1, 1, 1, 1, 1, 1, 1, 1, 1, 1, 1, 1, 1, 1, 1, 1, 1, 1, 1, 1, 1, 1, 1, 1, 1, 1, 1, 1, 1, 1, 1, 1, 1, 1, 1, 1, 1, 1, 1, 1, 1, 1, 1, 1, 1, 1, 1, 1, 1, 1, 1, 1, 1, 1, 1, 1, 1, 1, 1, 1, 1, 1, 1, 1, 1, 1, 1, 1, 1, 1, 1, 1, 1, 1, 1, 1, 1, 1, 1, 1, 1, 1, 1, 1, 1, 1, 1, 1, 1, 1, 1, 1, 1, 1, 1, 1, 1, 1, 1, 1, 1, 1, 1, 1, 1, 1, 1, 1, 1, 1, 1, 1, 1, 1, 1, 1, 1, 1, 1, 1, 1, 1, 1, 1, 1, 1, 1, 1, 1, 1, 1, 1, 1, 1, 1, 1, 1, 1, 1, 1, 1, 1, 1, 1, 1, 1, 1, 1, 1, 1, 1, 1, 1, 1, 1, 1, 1, 1, 1, 1, 1, 1, 1, 1, 1, 1, 1, 1, 1, 1, 1, 1, 1, 1, 1, 1, 1, 1, 1, 1, 1, 1, 1, 1, 1, 1, 1, 1, 1, 1, 1, 1, 1, 1, 1, 1, 1, 1, 1, 1, 1, 1, 1, 1, 1, 1, 1, 1, 1, 1, 1, 1, 1, 1, 1, 1, 1, 1, 1, 1, 1, 1, 1, 1, 1, 1, 1, 1, 1, 1, 1, 1, 1, 1, 1, 1, 1, 1, 1, 1, 1, 1, 1, 1, 1, 1, 1, 1, 1, 1, 1, 1, 1, 1, 1, 1, 1, 1, 1, 1, 1, 1, 1, 1, 1, 1, 1, 1, 1, 1, 1, 1, 1, 1, 1, 1, 1, 1, 1, 1, 1, 1, 1, 1, 1, 1, 1, 1, 1, 1, 1, 1, 1, 1, 1, 1, 1, 1, 1, 1, 1, 1, 1, 1, 1, 1, 1, 1, 1, 1, 1, 1, 1, 1, 1, 1, 1, 1, 1, 1, 1, 1, 1, 1, 1, 1, 1, 1, 1, 1, 1, 1, 1, 1, 1, 1, 1, 1, 1, 1, 1, 1, 1, 1, 1, 1, 1, 1, 1, 1, 1, 1, 1, 1, 1, 1, 1, 1, 1, 1, 1, 1, 1, 1, 1, 1, 1, 1, 1, 1, 1, 1, 1, 1, 1, 1, 1, 1, 1, 1, 1, 1, 1, 1, 1, 1, 1, 1, 1, 1, 1, 1, 1, 1, 1, 1, 1, 1, 1, 1, 1, 1, 1, 1, 1, 1, 1, 1, 1, 1, 1, 1, 1, 1, 1, 1, 1, 1, 1, 1, 1, 1, 1, 1, 1, 1, 1, 1, 1, 1, 1, 1, 1, 1, 1, 1, 1, 1, 1, 1, 1, 1, 1, 1, 1, 1, 1, 1, 1, 1, 1, 1, 1, 1, 1, 1, 1, 1, 1, 1, 1, 1, 1, 1, 1, 1, 1, 1, 1, 1, 1, 1, 1, 1, 1, 1, 1, 1, 1, 1, 1, 1, 1, 1, 1, 1, 1, 1, 1, 1, 1, 1, 1, 1, 1, 1, 1, 1, 1, 1, 1, 1, 1, 1, 1, 1]; 
PRECIO_PROMO = [412,1257,968,1323,1318,170,1129,1255,889,1056,795,1073,947,760,694,1460,517,806,514,1171,357,1014,505,401,1197,528,236,865,566,866,470,222,565,52,896,1244,1001,887,1042,1405,1024,1297,770,1378,552,537,1353,138,335,105,1203,879,435,698,1037,396,1283,1402,705,999,612,906,706,716,871,997,1164,508,994,1435,88,833,367,313,669,1396,616,315,1386,925,1008,523,1253,1055,654,1233,251,825,789,779,720,468,230,1382,187,321,1144,938,1467,436,107,707,1064,1286,958,484,555,546,395,262,478,948,1228,1311,975,568,521,562,748,239,32,1466,272,413,294,918,525,156,182,1075,377,1127,668,208,1030,311,485,1261,767,874,663,422,1282,962,386,628,985,63,1066,452,495,292,1049,76,45,281,1143,1330,312,569,1321,449,503,487,73,576,1078,404,540,1362,787,1351,319,1208,1411,550,776,35,287,1359,69,577,586,1300,87,655,447,618,1141,1086,1151,901,179,423,1074,932,190,834,64,1325,328,1433,331,212,574,800,130,821,400,201,135,725,691,923,972,42,196,1372,1153,467,403,334,551,383,257,590,755,541,431,872,112,927,1106,1048,607,61,1209,1417,59,149,639,332,1199,1285,108,154,529,1425,1275,746,741,324,499,369,822,1468,58,756,516,936,89,1140,256,1207,509,1360,1132,583,1122,838,475,1338,905,54,498,1407,283,40,860,1103,763,1444,740,392,1380,103,242,1443,810,81,1098,1464,1059,264,1434,604,37,988,1149,1026,34,922,152,1094,1095,277,1469,426,459,515,84,273,875,861,1404,545,160,55,229,343,585,1072,570,844,471,376,1347,327,123,621,722,1395,1305,207,1273,1009,876,1236,101,1329,533,892,98,693,469,44,1101,1090,192,441,1298,979,1038,677,1185,227,266,358,893,497,128,678,297,1341,704,1172,71,1082,1050,1238,500,734,1319,1367,1445,625,116,538,535,211,279,1205,1392,1310,66,197,36,799,695,786,1384,977,92,1245,1201,837,708,231,314,1002,1251,1397,260,1085,102,1308,1018,280,248,363,410,543,206,233,955,388,1332,150,155,178,579,1449,843,225,1475,580,420,952,1087,1126,409,238,1419,956,595,1010,320,784,417,1136,253,940,1288,172,296,1168,453,926,650,788,811,1480,421,688,407,723,307,284,676,131,387,1196,454,1295,1354,777,1364,174,1096,240,1337,1249,965,513,524,1454,245,715,419,913,592,507,1057,1025,1045,842,801,448,263,582,1340,1252,855,944,1152,126,736,681,1178,796,158,773,820,714,338,1409,143,416,902,945,1016,173,1189,1113,594,1000,72,983,427,1167,624,920,960,384,1440,1219,609,709,203,378,752,911,813,1147,766,433,750,1142,1183,457,873,183,51,867,835,1266,728,1220,389,432,1379,627,191,224,662,891,1225,129,250,671,501,1117,653,1342,1450,1260,276,254,1022,241,1121,717,461,775,180,48,171,547,1020,646,348,620,1175,232,584,1276,829,198,679,870,303,83,1169,345,830,1352,1348,247,193,494,1461,1470,465,1139,1069,1421,490,1277,274,894,1412,1306,928,437,987,1345,237,1138,504,1146,699,1437,610,1453,772,981,415,589,774,373,996,949,165,1262,493,878,1316,561,823,946,721,1115,793,992,1302,1284,434,1320,1065,1243,1458,205,921,1448,1471,366,1159,1131,299,352,598,563,601,1088,1005,1135,1333,588,1477,1118,1222,477,1322,1015,1179,969,1216,1274,1099,1155,1148,995,362,950,1231,1406,350,1413,1150,402,1193,185,164,218,998,1013,424,1202,473,1358,713,641,808,394,560,633,450,117,133,220,50,181,518,831,31,347,1335,1344,443,1134,1250,282,397,1234,365,480,1427,1067,1235,1291,1047,701,1423,850,916,527,226,1241,1447,885,769,848,186,966,1334,929,1210,660,727,464,1383,845,118,60,1370,939,758,575,1336,670,1102,1388,536,167,127,846,1163,1114,411,462,1198,759,304,1263,1269,824,531,687,306,217,1221,1237,726,1290,839,933,1003,1128,696,1068,1328,1451,737,964,1108,526,235,814,807,790,1265,729,406,862,1052,596,1109,659,1414,1368,771,219,33,904,430,210,919,1133,1339,912,132,634,1186,289,648,1191,1438,828,967,1314,86,1270,1317,329,439,690,344,1369,1281,1223,978,719,1077,826,732,990,665,1278,370,661,1137,635,1403,1116,1232,361,77,697,1239,803,883,1100,124,1021,405,1429,1242,1258,318,115,1294,1287,644,125,359,351,993,418,398,599,1181,1125,1398,903,895,385,374,934,1462,556,941,474,109,375,1012,1177,134,1084,910,780,1240,864,1212,1400,731,1420,888,1036,908,49,221,603,1301,638,849,591,325,1230,890,136,189,739,39,1227,113,41,340,337,278,554,1157,636,214,223,973,1076,534,542,341,1394,159,1218,963,853,442,1326,1215,288,57,703,1377,106,67,243,291,70,743,1439,689,898,1051,1416,1206,65,1097,711,877,1456,868,137,293,195,1371,308,757,718,80,881,637,302,617,702,140,446,1028,1393,438,1173,1044,1156,1331,914,428,488,1465,408,68,336,675,425]; 
PRECIO_REGULAR = [432,1277,988,1343,1338,190,1149,1275,909,1076,815,1093,967,780,714,1480,537,826,534,1191,377,1034,525,421,1217,548,256,885,586,886,490,242,585,72,916,1264,1021,907,1062,1425,1044,1317,790,1398,572,557,1373,158,355,125,1223,899,455,718,1057,416,1303,1422,725,1019,632,926,726,736,891,1017,1184,528,1014,1455,108,853,387,333,689,1416,636,335,1406,945,1028,543,1273,1075,674,1253,271,845,809,799,740,488,250,1402,207,341,1164,958,1487,456,127,727,1084,1306,978,504,575,566,415,282,498,968,1248,1331,995,588,541,582,768,259,52,1486,292,433,314,938,545,176,202,1095,397,1147,688,228,1050,331,505,1281,787,894,683,442,1302,982,406,648,1005,83,1086,472,515,312,1069,96,65,301,1163,1350,332,589,1341,469,523,507,93,596,1098,424,560,1382,807,1371,339,1228,1431,570,796,55,307,1379,89,597,606,1320,107,675,467,638,1161,1106,1171,921,199,443,1094,952,210,854,84,1345,348,1453,351,232,594,820,150,841,420,221,155,745,711,943,992,62,216,1392,1173,487,423,354,571,403,277,610,775,561,451,892,132,947,1126,1068,627,81,1229,1437,79,169,659,352,1219,1305,128,174,549,1445,1295,766,761,344,519,389,842,1488,78,776,536,956,109,1160,276,1227,529,1380,1152,603,1142,858,495,1358,925,74,518,1427,303,60,880,1123,783,1464,760,412,1400,123,262,1463,830,101,1118,1484,1079,284,1454,624,57,1008,1169,1046,54,942,172,1114,1115,297,1489,446,479,535,104,293,895,881,1424,565,180,75,249,363,605,1092,590,864,491,396,1367,347,143,641,742,1415,1325,227,1293,1029,896,1256,121,1349,553,912,118,713,489,64,1121,1110,212,461,1318,999,1058,697,1205,247,286,378,913,517,148,698,317,1361,724,1192,91,1102,1070,1258,520,754,1339,1387,1465,645,136,558,555,231,299,1225,1412,1330,86,217,56,819,715,806,1404,997,112,1265,1221,857,728,251,334,1022,1271,1417,280,1105,122,1328,1038,300,268,383,430,563,226,253,975,408,1352,170,175,198,599,1469,863,245,1495,600,440,972,1107,1146,429,258,1439,976,615,1030,340,804,437,1156,273,960,1308,192,316,1188,473,946,670,808,831,1500,441,708,427,743,327,304,696,151,407,1216,474,1315,1374,797,1384,194,1116,260,1357,1269,985,533,544,1474,265,735,439,933,612,527,1077,1045,1065,862,821,468,283,602,1360,1272,875,964,1172,146,756,701,1198,816,178,793,840,734,358,1429,163,436,922,965,1036,193,1209,1133,614,1020,92,1003,447,1187,644,940,980,404,1460,1239,629,729,223,398,772,931,833,1167,786,453,770,1162,1203,477,893,203,71,887,855,1286,748,1240,409,452,1399,647,211,244,682,911,1245,149,270,691,521,1137,673,1362,1470,1280,296,274,1042,261,1141,737,481,795,200,68,191,567,1040,666,368,640,1195,252,604,1296,849,218,699,890,323,103,1189,365,850,1372,1368,267,213,514,1481,1490,485,1159,1089,1441,510,1297,294,914,1432,1326,948,457,1007,1365,257,1158,524,1166,719,1457,630,1473,792,1001,435,609,794,393,1016,969,185,1282,513,898,1336,581,843,966,741,1135,813,1012,1322,1304,454,1340,1085,1263,1478,225,941,1468,1491,386,1179,1151,319,372,618,583,621,1108,1025,1155,1353,608,1497,1138,1242,497,1342,1035,1199,989,1236,1294,1119,1175,1168,1015,382,970,1251,1426,370,1433,1170,422,1213,205,184,238,1018,1033,444,1222,493,1378,733,661,828,414,580,653,470,137,153,240,70,201,538,851,51,367,1355,1364,463,1154,1270,302,417,1254,385,500,1447,1087,1255,1311,1067,721,1443,870,936,547,246,1261,1467,905,789,868,206,986,1354,949,1230,680,747,484,1403,865,138,80,1390,959,778,595,1356,690,1122,1408,556,187,147,866,1183,1134,431,482,1218,779,324,1283,1289,844,551,707,326,237,1241,1257,746,1310,859,953,1023,1148,716,1088,1348,1471,757,984,1128,546,255,834,827,810,1285,749,426,882,1072,616,1129,679,1434,1388,791,239,53,924,450,230,939,1153,1359,932,152,654,1206,309,668,1211,1458,848,987,1334,106,1290,1337,349,459,710,364,1389,1301,1243,998,739,1097,846,752,1010,685,1298,390,681,1157,655,1423,1136,1252,381,97,717,1259,823,903,1120,144,1041,425,1449,1262,1278,338,135,1314,1307,664,145,379,371,1013,438,418,619,1201,1145,1418,923,915,405,394,954,1482,576,961,494,129,395,1032,1197,154,1104,930,800,1260,884,1232,1420,751,1440,908,1056,928,69,241,623,1321,658,869,611,345,1250,910,156,209,759,59,1247,133,61,360,357,298,574,1177,656,234,243,993,1096,554,562,361,1414,179,1238,983,873,462,1346,1235,308,77,723,1397,126,87,263,311,90,763,1459,709,918,1071,1436,1226,85,1117,731,897,1476,888,157,313,215,1391,328,777,738,100,901,657,322,637,722,160,466,1048,1413,458,1193,1064,1176,1351,934,448,508,1485,428,88,356,695,445]; 
PREFERENCIAS_PROMO = [686,53,1201,45,984,564,159,301,1121,421,552,974,573,997,238,418,373,210,127,62,643,682,84,490,212,1746,432,1002,399,615,258,599,1351,119,42,350,380,241,7,588,734,1484,788,706,1805,1241,786,871,477,146,39,449,1487,247,968,583,91,866,777,867,1611,1763,147,569,396,1090,1029,772,1345,689,986,962,55,730,263,897,451,1312,324,511,363,1279,844,335,374,909,244,1274,559,21,488,1095,111,78,178,883,433,138,107,450,662,1314,614,1708,1516,785,200,780,98,445,135,1527,514,606,295,647,1134,286,1053,362,1112,201,863,703,287,595,554,603,1067,321,384,314,240,672,575,651,136,940,4,1206,1468,766,1136,830,441,770,850,1486,530,233,352,741,579,415,1191,372,750,826,677,1491,756,801,157,483,542,556,411,154,235,145,744,250,846,1116,187,207,44,1184,896,619,77,765,43,565,961,1626,1550,680,693,195,425,143,1147,393,860,181,359,612,428,778,631,1004,608,457,941,1036,1298,872,83,953,202,377,197,790,273,313,521,1255,13,668,499,793,403,892,261,739,870,1599,8,1356,22,158,52,624,1452,398,106,121,300,536,153,921,757,1140,507,315,600,911,898,1211,386,404,319,1013,775,192,1719,82,108,550,66,1236,236,348,1361,929,1606,208,99,1448,466,888,1216,561,122,839,829,383,491,290,184,1265,627,989,840,346,737,366,891,357,5,642,1892,1339,692,1441,712,257,1017,109,833,792,1177,225,1411,1307,447,81,1277,100,1270,1462,884,148,504,1630,795,1275,1700,462,601,1618,1069,1245,279,102,342,683,982,632,545,877,318,733,475,665,423,54,1049,681,645,622,1402,874,20,950,532,334,19,96,1730,285,928,395,114,696,17,140,453,156,1706,454,456,15,669,1032,1306,171,1260,1223,930,260,160,182,956,129,482,885,769,288,406,116,351,125,652,1196,375,1327,1393,277,1144,789,1210,831,1610,1282,784,732,1178,336,502,1163,1149,945,358,30,248,858,674,935,942,958,719,660,1496,429,476,144,526,440,162,126,307,549,35,71,430,828,183,1389,33,1050,541,1578,243,656,185,1042,473,685,1320,10,245,531,1127,553,1594,1060,594,596,239,580,1313,1003,224,1258,370,72,736,1357,755,555,242,489,1294,325,387,1250,409,186,727,1341,382,1240,1091,304,932,1397,222,118,543,695,113,699,89,14,740,1297,196,155,1227,64,593,51,439,671,1332,131,120,198,339,539,506,586,283,36,275,32,95,1489,1065,221,1212,215,1281,572,1503,94,969,101,1197,405,1886,133,1131,1165,41,1831,1014,353,538,467,697,73,189,905,40,1074,11,361,103,1235,417,1105,31,291,1507,481,804,223,1026,356,513,578,1018,1398,711,1251,926,173,229,1207,1272,1976,637,925,465,355,284,105,966,878,616,141,25,994,302,605,297,1388,371,76,1640,1188,1157,906,167,546,1624,191,1569,623,1408,1571,509,305,1350,104,416,349,9,1088,704,1635,591,63,1153,442,904,797,1353,584,607,743,166,1461,653,613,592,268,576,832,272,742,568,203,920,474,1035,1126,587,455,763,676,367,1239,227,636,1022,88,1030,132,317,1146,1097,558,337,853,265,952,571,822,688,861,179,1514,149,1296,251,237,172,751,2,687,1109,791,1538,1587,437,270,194,663,420,1658,635,79,12,1288,629,648,938,1739,340,838,169,1181,1553,547,204,1879,394,638,142,174,1424,413,646,879,188,1532,214,1407,234,292,708,604,90,758,1463,1570,1005,1576,68,1120,759,864,707,431,486,468,213,269,264,323,908,376,1321,731,960,625,206,1023,893,354,397,859,280,1317,436,6,508,557,345,219,735,534,69,802,1736,57,641,1172,311,331,312,419,165,23,309,27,746,16,1731,1420,289,216,522,654,1620,211,152,59,93,936,390,435,1267,819,1592,805,1567,471,365,369,678,723,661,807,1533,80,249,446,1110,1318,49,298,728,1173,256,749,402,410,633,806,1064,368,574,37,459,389,193,332,560,414,3,640,954,516,1135,329,177,1185,310,965,577,1243,117,1465,271,875,617,392,1093,501,1268,1171,330,92,175,24,67,461,992,1079,1213,1586,747,316,469,1252,479,856,391,254,869,1187,1061,480,322,278,528,274,137,327,161,959,87,28,276,1108,151,957,658,38,48,58,56,948,848,1605,231,500,540,912,176,1040,226,1214,857,293,218,1008,110,470,717,401,460,18,1566,163,1328,170,139,527,1753,964,190,1230,773,1114,128,75,306,344,228,422,981,1344,684,343,294,47,130,97,803,1316,813,1019,281,1429,1721,246,266,847,65,1820,255,378,520,112,980,408,1617,1360,939,1378,1150,815,1758,630,535,533,124,434,721,1531,762,1652,709,1062,634,886,46,715,675,1237,29,497,544,1633,443,1248,478,328,1039,1137,452,115,1190,379,1664,1292,1,1308,679,1222,333,438,949,34,902,123,854,811,70,150,388,1391,548,86]; 
PREFERENCIAS_REGULAR = [800,1043,1786,1410,1161,710,1940,1445,1612,972,825,1330,1737,1849,1561,1286,1259,427,1480,998,1070,1908,1922,725,400,1938,1118,1510,983,1262,931,1670,1501,232,326,618,464,1583,498,914,1712,1822,1884,1494,1810,1513,1256,1426,1738,1579,217,1689,1733,824,978,922,774,1024,1073,1470,1716,1767,1224,724,1518,1919,1811,1881,1987,1125,1709,1648,787,1098,551,1295,1743,1899,407,1440,1415,1962,1609,1025,1724,1160,1363,1644,943,783,1563,1770,134,910,1930,1560,1885,1894,768,817,1568,1646,1990,1741,1598,1669,1435,1103,519,1537,1404,1917,1189,1416,1132,993,1565,1772,1853,1660,1891,610,1824,901,934,1843,1086,1907,1727,341,720,1310,1479,1045,666,1336,1828,1472,1284,1549,1837,1028,1379,1852,1637,1744,1958,1663,820,944,1115,1572,1139,1007,1221,1253,1444,1728,1037,1600,1347,1717,1082,1329,1656,1684,1254,1315,1671,1169,1167,702,1718,1524,1193,1263,1457,1495,1776,1458,381,917,1768,1732,1497,1672,1735,1862,714,1418,1682,1686,1432,1084,999,781,1242,1066,518,1838,809,1154,1051,1680,1405,1848,1504,1723,1047,1842,1825,947,1601,1001,1931,1540,903,1558,74,1964,515,1509,1100,1883,1704,1803,1244,1916,1368,1909,1142,690,180,1539,1740,1453,1864,1523,1376,1554,976,1208,1790,1959,748,1264,1266,1960,1874,1217,1366,895,1613,1174,1080,1821,1979,458,1072,1122,1850,1777,705,1734,1693,1696,1642,1998,1615,1951,1203,946,1750,1629,1346,1104,1020,484,1068,570,1911,1903,1840,1337,1396,1851,1552,426,1219,1192,1438,1143,1961,1417,1278,1778,1054,364,1058,299,1604,1801,1817,1751,1873,1431,1291,602,1555,259,1726,1957,1369,320,1459,1846,1348,1285,1859,1542,1793,1915,1271,1603,1476,1966,882,1031,1580,1225,1897,1769,1048,1399,1861,1796,1988,1749,1394,1806,1757,1063,1545,1773,1906,1280,990,868,303,1015,1791,1133,1973,852,722,1949,496,1522,2000,209,1818,524,472,26,782,1942,1355,1027,1372,1564,1956,1349,876,963,1261,738,1246,1839,1581,1362,1300,567,1301,760,1854,1638,1698,1722,1860,1340,1370,1702,1787,1923,1692,1933,1488,1785,1194,649,1450,1950,1381,1967,581,1423,1333,907,1323,1511,1229,1498,796,729,1687,628,598,855,1713,752,1984,1760,1293,1675,220,267,1941,1085,590,1401,60,1299,1304,1673,1034,1699,1866,1249,1384,1714,1681,973,1324,563,1575,927,1649,1927,1168,1021,1383,1092,1334,1816,282,1703,1231,670,1483,1412,767,1807,1661,1622,1667,1589,1517,1880,485,799,1815,1482,1419,1701,1499,967,1823,1725,835,1428,881,1374,424,1096,1863,639,1674,1858,1387,1969,1937,585,1128,1011,916,1436,1619,1113,842,1547,1665,700,776,1102,1226,50,1010,716,1111,1826,1921,849,1309,1335,1536,1395,1799,505,1198,1367,1382,1046,1980,1878,1844,1474,529,1939,1755,1182,923,818,1124,1761,517,1983,1162,1788,808,1695,1729,1433,1052,1186,1057,851,1529,977,1354,494,1289,694,1845,1371,1075,1683,821,1834,1156,713,1623,1965,1920,1985,1872,1059,1975,1343,836,1490,1464,1151,924,1795,1145,1009,1056,698,1847,1827,841,1481,1720,1835,1434,1647,823,1645,1925,503,1954,1875,1910,1802,1551,845,1833,1836,1364,1377,1000,1992,1857,1978,1804,412,1373,816,1779,1311,1855,1123,1905,753,621,1515,810,1016,1209,1912,1867,1595,1582,1456,1247,1442,1608,493,1220,1365,1666,1557,873,1625,798,1710,492,1099,1439,537,1199,1502,1948,1525,1283,609,1697,1422,611,1688,1338,1870,1101,1650,199,1774,1175,1707,1164,1078,918,1752,1107,862,1963,1929,1574,1955,1914,448,1276,1454,1141,1871,1455,985,1953,1902,1215,814,1784,1893,566,1745,1989,1506,1657,1012,1748,1974,463,1519,1813,644,1651,754,691,899,812,1841,1614,1943,1904,1473,1033,975,296,1269,1926,1655,1890,1944,659,1512,1403,1544,933,1759,1493,834,667,1305,1577,771,1694,919,1541,1055,1359,937,1627,1639,1200,1668,1138,1390,1543,1400,1999,1478,1762,620,1228,1041,843,1945,673,1782,1800,85,1148,1678,1789,1180,1119,913,1690,1742,1653,955,1233,1106,1895,1997,1437,837,1451,1386,1771,1901,1602,1597,495,1087,1993,1176,1475,1952,1896,827,1982,764,1477,1621,1117,1302,1290,1781,1632,1530,1765,1590,1202,1562,252,1342,1747,1218,1508,1830,1691,1427,880,1936,1900,1179,1352,761,655,664,1528,1588,988,726,308,1809,970,745,1559,338,230,1856,1325,1044,1636,1467,347,1634,889,1546,1596,1446,1521,1469,1322,1591,1319,1425,900,589,510,865,1764,1094,1234,1935,1257,1466,1358,1986,1808,1918,1077,1946,1130,1380,1205,1155,1303,1662,1152,1888,1643,1631,253,1232,1676,1129,1500,1273,1385,1083,1756,61,1585,1158,650,1792,1195,1972,718,951,971,1204,1492,1766,1089,1685,1994,1947,1071,1913,1711,987,1413,1593,1659,562,1924,360,1375,1832,168,995,1876,1287,512,1679,794,1535,385,915,1877,582,1654,657,1971,1409,890,1485,626,487,1406,1882,1641,1868,1471,1449,1775,1460,1977,887,1414,1573,164,1970,1898,523,1934,701,996,1238,1715,1534,1798,1869,1865,1705,1794,1076,1981,1995,1968,1991,1443,1783,991,1932,1829,1505,894,1326,444,1526,1616,1331,1038,1754,1006,1814,1677,1780,525,1812,1607,1819,1392,1520,1996,1887,1797,1556,1548,1628,1584,1928,1889,979,1166,262,1170,1183,1447,1081,205,1159,597,1430,779,1421];

/*Output: */
/*Total (root+branch&cut) = */  